1000
87
93
87
81
54
42
93
59
4
11
43
58
24
64
33
36
26
62
73
99
55
71
27
30
94
13
17
88
65
9
48
62
92
26
74
89
48
63
33
7
6
42
30
25
48
91
98
35
62
93
89
84
15
96
22
61
57
15
60
1
94
68
78
74
78
80
94
18
17
74
63
93
23
91
68
68
61
33
33
2
28
33
69
45
51
76
44
30
31
68
36
85
54
75
6
46
47
48
53
66
68
78
53
97
80
64
21
92
42
79
25
32
23
25
89
4
57
6
79
66
32
68
30
53
96
87
47
68
63
71
26
98
81
80
64
45
80
96
59
96
30
21
18
20
5
91
41
54
52
74
42
70
77
32
9
46
45
94
1
77
14
15
32
8
91
80
84
22
46
79
3
91
28
46
96
97
38
73
64
15
8
67
33
80
51
99
92
99
58
97
100
95
24
8
44
37
37
19
53
51
80
23
38
5
42
95
48
69
21
58
8
17
94
73
37
66
55
63
63
82
50
92
5
19
30
49
1
65
12
29
92
76
13
4
35
67
7
52
5
38
33
27
96
60
44
20
68
58
87
91
54
21
95
78
97
13
75
80
34
9
13
64
33
62
96
2
98
30
41
81
79
47
41
53
22
2
32
72
39
85
18
52
14
71
65
75
42
24
51
82
96
45
42
72
25
18
100
30
60
32
94
87
27
54
64
61
90
65
19
1
88
24
64
98
80
23
19
14
48
45
20
20
32
59
69
89
22
20
27
9
51
26
77
80
96
74
88
74
12
18
30
46
18
34
61
5
15
95
43
99
99
46
65
73
12
82
34
27
66
96
51
23
76
13
94
79
37
93
74
82
23
36
81
68
66
22
5
74
51
65
16
45
82
82
66
2
98
43
76
88
75
58
42
1
31
41
81
38
78
46
32
45
19
64
84
7
16
61
30
32
46
7
57
32
74
94
86
21
63
6
97
80
86
45
48
80
28
42
93
23
39
61
36
61
87
12
55
51
7
8
27
14
93
96
4
75
24
52
18
4
73
87
31
22
43
50
94
39
79
89
77
58
90
23
38
55
52
27
33
88
52
34
28
37
33
29
69
81
8
30
91
54
7
29
17
28
81
7
59
85
34
38
55
61
69
54
82
99
5
3
70
98
28
57
38
11
26
55
91
9
7
79
82
84
37
66
21
25
74
1
97
40
59
4
15
63
80
78
49
37
73
21
28
81
89
28
98
87
99
31
32
53
19
20
49
35
77
4
76
28
26
48
63
73
8
23
66
79
1
52
59
13
67
45
56
31
27
18
85
91
25
40
35
83
67
86
90
91
21
8
100
29
24
64
56
45
49
92
32
71
99
52
80
27
43
84
31
99
38
13
46
39
33
67
42
73
48
82
87
14
76
25
86
41
21
39
36
50
94
66
42
89
46
74
9
67
12
95
33
48
60
30
17
28
16
79
89
47
19
82
92
17
96
22
75
62
70
44
6
45
33
55
77
84
88
33
18
14
81
62
73
16
93
19
25
71
71
95
93
47
9
5
61
54
1
65
83
63
97
6
15
69
61
63
95
1
92
87
65
70
7
6
94
23
29
50
65
39
19
75
68
92
37
67
48
37
93
38
74
17
16
3
97
81
1
43
86
36
39
86
93
48
84
70
31
20
65
56
49
85
25
69
63
97
94
57
8
75
86
82
98
37
11
72
6
100
15
12
28
1
56
50
48
90
11
4
34
64
38
70
86
13
24
55
50
11
26
36
69
42
36
3
52
50
9
91
14
76
88
24
60
77
97
40
99
77
87
29
61
66
48
8
55
18
83
38
97
64
87
70
92
3
27
42
51
5
50
25
92
98
90
87
50
98
85
28
97
77
86
38
99
9
23
92
64
24
6
15
18
47
41
96
66
84
76
27
42
87
87
53
79
81
31
70
5
74
66
6
58
35
20
21
93
84
68
94
36
81
39
46
36
88
91
97
69
8
45
75
93
88
45
32
34
42
98
24
73
73
92
22
10
1
73
5
15
6
12
23
31
88
91
11
92
87
55
63
93
27
28
31
33
31
10
22
74
81
96
27
59
83
57
60
56
79
43
71
93
98
77
34
25
7
31
83
2
58
41
92
24
37
25
55
19
59
34
96
90
31
6
54
90
55
59
7
82
26
62
10
14
85
80
10
83
87
56
65
95
75
64
79
37
5
77
17
59
50
63
20
83
31
83
42
15
79
60
81
91
48
34
94
59
23
91
72
89
14
76
67
26
80
6
1
69
34
77
92
76
64
35
14
