1000
16
78
34
96
29
19
13
44
21
14
21
67
100
32
59
7
17
56
46
30
41
64
4
76
52
5
48
73
77
42
78
39
24
6
17
93
65
24
100
14
69
1
33
44
82
90
70
24
25
44
92
17
50
7
99
21
81
55
29
10
98
55
94
99
9
17
22
53
57
97
99
43
75
51
34
66
15
73
50
28
90
28
22
67
34
70
68
30
12
19
4
50
61
34
73
57
74
59
36
45
20
70
55
67
85
14
88
4
13
23
75
60
40
8
74
28
63
75
56
73
75
78
43
82
34
39
46
1
92
71
58
17
57
43
47
31
64
12
53
90
11
46
30
56
80
99
68
37
63
19
97
61
84
12
84
7
2
18
48
36
30
5
54
43
13
80
6
85
73
35
6
10
28
95
92
20
12
20
73
62
70
79
52
95
57
82
13
9
75
55
65
25
2
30
80
32
78
15
100
97
48
16
69
86
48
15
28
31
2
6
88
20
50
42
31
62
65
42
96
94
90
35
24
3
29
13
86
85
10
98
62
23
4
12
55
54
74
80
10
27
52
1
41
55
24
79
97
52
22
97
25
3
45
24
3
58
12
12
80
86
58
48
66
74
49
74
76
19
46
18
35
93
36
15
5
11
96
71
51
93
64
67
93
2
1
66
91
43
16
54
24
36
85
75
94
43
99
76
9
39
75
96
19
8
64
69
47
27
69
15
44
47
12
92
83
19
46
56
98
39
15
62
66
76
11
18
10
17
74
71
14
52
20
42
81
87
47
84
18
20
27
56
26
51
36
25
27
50
14
69
55
48
77
8
89
73
91
68
38
93
92
95
71
66
24
10
6
97
8
38
75
98
58
61
89
79
87
24
4
66
51
60
60
47
77
23
74
69
56
51
64
12
90
56
77
75
63
55
34
96
56
84
84
70
63
53
55
88
97
49
54
9
56
19
63
78
84
5
95
100
63
56
82
40
32
74
82
26
87
30
51
35
8
74
17
75
51
9
11
44
92
61
28
100
80
83
98
40
68
79
33
16
39
43
56
56
35
97
68
57
8
52
87
9
86
55
33
20
98
3
86
81
9
77
92
89
22
29
38
65
23
56
28
88
86
20
83
25
18
59
63
48
32
28
20
17
89
30
41
1
60
83
89
67
88
8
30
16
61
1
68
84
46
42
39
16
76
56
50
32
37
46
36
38
13
24
40
77
23
35
88
82
82
92
85
36
22
49
76
42
29
81
86
43
50
10
86
47
73
53
75
10
20
14
90
41
3
38
79
68
95
43
3
92
2
83
32
92
90
69
67
72
20
13
55
77
46
57
52
12
46
21
11
42
35
33
83
31
70
78
53
100
86
24
67
76
18
21
39
94
65
71
36
33
57
61
39
54
98
22
25
47
36
98
70
28
89
59
33
68
77
56
44
77
94
89
34
50
88
64
2
51
93
95
43
61
28
3
45
10
79
65
23
69
29
77
82
57
60
21
74
26
61
43
27
8
48
40
91
46
46
52
73
69
8
62
53
63
54
81
88
32
4
27
39
42
86
47
64
50
20
18
46
21
29
67
66
43
100
16
80
88
65
41
74
17
14
78
43
41
81
78
49
50
93
67
55
76
27
13
96
57
8
87
34
95
24
90
14
55
6
73
57
16
93
22
73
52
90
76
44
46
91
70
10
4
71
56
66
17
37
25
54
46
83
84
77
95
82
91
25
81
21
95
8
98
73
17
59
99
37
65
28
70
90
81
64
48
94
91
59
17
76
66
33
11
49
52
2
42
93
44
27
98
14
45
46
62
16
69
26
79
44
14
18
73
41
33
39
95
55
47
20
62
82
41
95
21
17
73
22
75
72
8
31
65
84
74
96
95
5
69
2
43
13
92
98
57
12
51
58
39
4
12
95
55
55
30
79
38
1
89
69
61
21
95
99
56
89
55
38
1
16
77
100
94
68
79
20
28
70
99
56
26
14
56
64
20
82
61
14
56
69
47
92
6
45
53
3
98
45
3
60
8
43
26
88
48
36
70
90
54
63
30
64
79
55
98
32
27
26
56
7
26
63
49
61
27
30
67
14
15
56
30
23
53
18
44
56
46
84
52
94
13
3
63
20
34
61
82
75
99
92
36
39
12
89
20
17
40
67
56
44
40
15
22
55
9
42
82
57
2
22
22
69
80
30
50
40
26
40
49
28
50
36
5
17
63
59
40
98
68
35
53
11
43
89
3
77
69
37
57
31
97
67
61
35
60
77
45
99
43
2
79
23
2
97
66
52
88
