1000
4
89
86
28
94
99
17
44
91
62
5
41
32
95
2
97
3
42
82
42
74
72
44
23
80
3
62
4
89
92
64
8
82
42
12
81
37
84
87
90
57
27
2
47
91
9
25
18
44
41
95
22
57
34
41
27
70
21
48
18
57
73
7
56
60
84
36
72
51
58
92
27
24
76
43
39
23
46
72
45
11
90
33
17
100
48
46
4
32
5
68
50
75
38
90
100
59
72
65
47
28
36
26
95
79
82
46
67
38
30
78
38
42
39
71
29
52
77
36
89
96
65
91
99
95
84
96
40
43
74
9
63
87
13
17
70
76
70
31
66
55
39
100
41
1
60
90
37
32
36
9
49
46
78
86
95
68
4
75
38
23
39
53
12
90
39
99
20
74
98
10
39
78
26
30
72
56
30
56
5
57
61
32
20
62
21
47
92
26
77
79
15
85
8
62
41
10
98
16
15
66
95
2
71
30
73
30
98
83
20
76
95
96
20
9
64
63
100
9
52
35
79
94
1
12
45
81
54
55
1
42
41
33
24
78
38
48
23
100
35
100
100
84
82
27
14
63
31
20
73
68
15
24
62
26
31
48
33
3
18
61
17
27
71
90
57
6
1
42
47
99
74
58
29
67
47
99
77
12
67
52
100
28
22
69
80
13
42
36
66
13
9
71
19
59
81
52
73
66
80
16
27
9
32
86
48
17
47
34
45
41
37
89
17
3
10
100
90
60
24
24
54
71
38
16
9
88
74
94
52
91
9
43
63
76
74
66
71
64
71
55
45
81
38
93
71
63
67
52
2
25
23
48
26
6
87
32
17
3
98
84
43
65
9
12
58
47
30
98
72
78
46
34
24
2
94
86
76
66
69
81
37
16
54
27
54
84
88
75
16
18
86
27
39
98
55
69
40
80
100
86
77
90
87
100
70
68
87
16
70
63
80
55
63
53
6
61
3
98
26
78
34
50
61
13
94
28
32
87
82
35
84
46
50
2
93
51
69
2
71
20
21
4
7
76
74
3
95
20
4
74
100
43
40
30
42
35
58
39
63
1
71
47
66
65
59
56
33
5
79
41
61
78
51
79
33
94
70
90
71
74
16
94
48
85
55
95
4
47
22
22
64
36
80
2
64
70
25
49
38
67
26
4
65
73
60
38
30
4
5
75
88
24
81
5
76
98
41
10
7
29
44
44
21
58
36
57
99
100
13
21
37
13
92
81
1
80
46
51
27
98
7
46
63
17
36
92
77
90
53
25
96
79
32
60
37
43
55
83
52
68
26
52
15
34
78
39
29
27
79
4
62
36
86
12
48
77
74
83
100
25
29
63
45
12
4
54
45
99
1
59
62
85
13
57
13
58
13
90
50
73
61
93
80
48
80
100
33
35
76
93
27
79
75
52
20
86
100
14
69
10
45
84
23
35
30
30
47
74
8
68
49
46
68
80
1
79
93
13
7
53
84
23
56
19
61
40
20
93
95
50
74
95
43
44
98
48
46
9
6
2
35
31
17
29
27
12
79
68
86
16
33
93
4
42
1
99
22
35
92
88
27
52
79
19
85
70
47
75
62
20
63
36
49
68
29
33
93
77
84
12
53
15
54
85
79
82
51
21
34
58
17
79
46
56
53
26
62
22
34
49
12
42
62
77
23
39
97
87
16
97
13
49
67
99
28
21
54
17
31
78
84
1
100
19
28
77
75
19
36
33
67
68
85
35
2
33
4
76
18
79
40
21
49
37
52
79
85
81
92
69
94
99
65
14
93
65
14
79
31
2
5
20
77
10
73
66
48
40
23
93
16
48
71
46
12
95
36
7
35
3
9
57
38
21
78
36
88
36
2
28
55
13
93
13
67
19
29
93
75
53
71
77
84
91
2
41
84
74
84
70
65
71
98
27
74
81
1
26
86
1
1
47
89
39
81
49
58
87
21
21
86
54
100
48
65
81
1
54
76
98
99
26
62
59
2
94
81
91
96
76
68
94
8
19
36
60
88
24
62
100
83
3
50
23
30
5
46
68
89
3
54
50
30
49
19
36
32
93
69
23
14
76
53
2
11
92
87
3
26
53
80
16
53
91
5
8
98
88
15
9
73
28
52
90
14
34
91
30
61
70
78
52
18
56
7
64
47
50
32
18
50
92
89
18
21
41
86
5
96
81
99
64
32
93
67
47
75
28
64
96
26
92
53
23
100
33
63
100
32
6
18
70
45
23
43
17
79
89
85
70
73
16
23
95
2
60
61
4
98
4
46
99
70
26
6
56
95
57
29
