1000
82
32
27
38
22
84
72
67
86
94
12
57
66
65
18
36
91
43
8
79
100
32
43
47
69
12
100
21
33
61
21
24
96
58
18
4
100
24
95
58
8
88
80
9
46
44
24
90
56
51
22
52
57
20
80
70
25
39
33
5
53
41
95
30
74
98
18
8
91
29
44
56
90
75
40
68
79
82
59
88
23
16
85
17
26
65
79
58
14
53
15
14
33
64
18
94
17
10
70
71
92
94
19
35
11
36
6
24
15
71
78
38
26
36
55
82
47
29
45
18
58
11
12
80
29
33
12
94
40
4
67
52
98
34
32
88
90
68
40
3
99
41
94
35
11
35
38
10
78
70
86
28
59
68
68
21
80
42
24
76
89
57
84
54
78
83
94
37
29
89
82
69
97
4
6
75
79
72
66
79
60
8
52
96
6
36
72
36
74
63
45
29
13
63
68
24
61
14
96
20
77
67
100
69
67
100
42
95
55
88
44
53
10
29
62
26
63
33
85
61
51
94
3
3
9
3
88
25
47
81
68
87
60
50
5
93
50
28
13
6
85
17
27
67
55
14
80
95
38
54
73
25
66
59
37
37
23
87
11
19
91
81
48
7
71
32
73
16
36
79
87
24
61
37
95
34
63
71
36
98
41
7
38
69
85
36
69
74
87
35
30
34
10
40
46
19
69
69
23
96
92
64
88
78
59
86
95
15
88
80
94
18
28
38
61
81
4
35
58
94
23
3
64
49
77
97
9
72
91
91
30
94
98
60
35
61
41
92
52
64
45
45
70
57
60
70
73
2
59
65
69
3
10
97
85
25
53
9
79
35
49
38
88
27
82
82
28
89
83
42
23
5
50
37
51
11
49
37
10
10
97
37
30
14
76
32
83
18
35
52
84
84
14
7
84
27
88
20
45
2
2
5
47
52
73
23
1
5
40
67
16
65
62
92
92
89
28
68
100
84
79
98
78
91
43
46
45
42
26
35
17
89
54
35
37
92
39
79
13
35
45
53
14
89
69
65
58
38
67
55
45
31
93
13
70
52
68
59
32
41
15
20
24
24
47
88
49
25
6
61
85
64
25
77
64
43
26
41
96
98
50
43
64
22
30
62
13
75
71
72
1
92
64
45
78
90
30
24
82
83
77
6
33
10
49
26
66
97
50
66
100
97
87
27
80
30
89
18
80
94
3
6
32
60
69
95
30
35
69
36
96
69
30
19
43
26
18
59
36
64
68
73
17
59
92
65
70
67
50
31
91
28
40
60
27
50
75
22
23
88
65
49
19
7
50
59
1
100
98
8
58
99
90
37
50
15
54
26
70
22
59
74
56
13
38
84
14
72
66
61
73
90
82
50
65
94
34
3
78
28
29
97
92
25
74
71
31
45
20
58
49
51
10
28
47
43
75
94
86
56
83
41
54
44
52
45
75
91
25
8
34
86
14
53
34
36
33
27
56
11
63
10
40
47
51
62
12
32
97
73
56
31
39
19
11
13
28
80
29
4
76
88
15
54
88
90
68
68
55
64
84
37
98
62
17
14
94
68
36
23
37
63
81
38
53
4
34
75
100
49
75
36
22
37
19
22
6
96
57
64
78
72
50
19
43
76
74
42
94
45
63
72
17
84
5
6
11
4
73
74
75
14
89
89
27
85
16
56
28
70
49
63
34
45
73
46
36
93
87
41
55
23
56
36
17
78
14
64
72
39
38
32
38
88
78
88
59
49
64
22
77
58
92
25
16
30
62
60
37
33
99
16
88
62
73
63
92
55
63
72
91
92
69
72
11
43
97
23
41
81
100
19
2
89
53
85
72
20
29
61
22
19
20
89
21
15
88
23
9
13
47
10
49
19
5
83
42
70
96
47
68
18
37
55
56
83
48
19
52
22
38
73
30
98
18
79
4
90
37
4
25
56
76
32
69
46
84
73
54
47
53
65
99
31
41
90
8
1
47
88
61
87
88
39
59
77
70
29
50
39
42
51
42
41
6
54
9
1
37
48
20
39
62
21
12
73
73
27
67
46
100
86
93
94
7
58
91
39
25
60
31
1
88
75
67
31
32
60
14
33
17
94
13
84
18
73
98
14
54
89
12
8
5
1
84
54
68
38
58
73
11
52
87
13
87
94
12
71
80
8
90
39
90
49
52
67
45
43
85
78
90
98
60
51
5
36
44
5
6
10
96
21
41
92
36
70
68
95
78
58
13
95
81
52
11
9
18
45
24
14
83
86
23
23
55
30
28
90
20
8
8
75
8
46
15
74
81
96
63
26
